5
258 192
163 6
3 129
43 244
23 78
191 101
174 82
178 28
18 120
252 102
59 65
130 96
35 129
195 97
8 244
174 129
97 101
142 18
34 77
2 103
150 199
16 117
201 164
44 101
34 150
253 22
59 122
3 121
255 257
61 67
183 15
249 177
237 97
204 96
147 159
246 133
137 60
219 256
85 179
214 130
142 257
152 254
42 197
161 217
41 99
78 249
34 71
253 18
20 213
152 114
189 50
161 60
82 190
106 124
139 135
254 57
140 211
35 162
216 61
12 21
197 125
168 28
200 185
111 69
156 186
98 48
204 120
116 125
157 200
165 191
182 173
230 82
171 108
142 109
175 114
228 237
246 178
32 179
145 212
227 41
165 67
56 231
31 115
187 57
64 256
165 96
71 109
82 236
108 240
42 186
255 147
225 231
173 257
172 242
229 22
206 247
37 108
252 136
8 44
163 191
165 65
232 105
174 118
7 135
120 256
166 69
141 182
198 249
83 236
197 52
142 120
55 77
213 54
220 54
168 197
133 250
149 206
219 114
162 172
2 45
83 128
209 52
20 96
90 97
123 178
22 48
178 229
153 199
200 63
216 135
113 0
205 167
6 108
148 16
57 105
195 26
147 240
62 61
257 93
138 139
46 115
129 0
8 43
199 63
100 143
70 86
238 242
183 197
70 194
182 119
40 190
220 77
107 0
107 197
252 145
226 61
224 105
142 192
232 194
141 103
210 126
35 154
98 240
18 146
184 98
154 236
17 97
253 60
51 6
214 203
25 148
35 181
94 185
162 215
141 170
223 82
216 84
107 178
175 153
17 195
214 100
118 240
7 218
24 14
31 143
257 234
142 151
196 147
31 20
40 228
222 71
99 147
207 61
138 330
101 131
56 11
101 35
32 81
131 103
89 73
72 109
31 13
113 23
134 32
89 104
17 33
34 10
38 89
129 104
108 100
34 19
127 33
116 118
136 17
68 71
135 82
101 56
40 69
3 11
76 17
124 17
34 57
104 59
3 83
80 133
111 13
88 132
86 36
111 113
58 39
8 20
62 95
64 103
14 91
131 128
27 110
60 39
96 31
61 78
56 68
27 85
5 135
119 93
14 4
64 27
35 31
118 128
16 121
95 76
113 109
45 77
114 68
16 44
97 109
16 13
64 36
15 3
131 32
42 31
38 47
92 37
29 126
72 12
131 102
22 13
6 24
86 23
54 127
117 85
50 52
50 125
29 49
20 128
61 110
54 36
8 73
68 86
105 16
15 105
129 30
72 57
85 10
22 69
38 79
72 106
119 65
89 0
74 47
118 47
22 116
6 99
84 102
100 96
111 38
123 74
62 119
101 44
15 82
112 1
25 106
50 11
78 28
70 66
15 52
93 128
87 48
61 83
23 128
88 34
50 127
25 24
99 36
68 57
54 114
41 36
5 72
54 93
38 85
70 85
108 126
100 94
61 35
27 13
100 65
38 46
115 19
37 17
25 124
5 102
27 109
7 52
10 47
9 112
84 22
111 46
132 1
87 25
92 22
16 39
38 125
60 58
137 0
110 11
37 51
129 77
64 112
93 97
46 58
121 59
66 123
5 0
113 112
27 99
90 102
136 26
61 65
67 72
80 8
88 35
70 27
64 52
119 109
27 17
48 123
117 32
25 102
35 68
52 26
53 97
3 123
93 10
120 135
70 84
12 32
87 114
57 109
34 69
136 59
103 23
46 82
8 56
62 30
46 10
107 4
115 39
85 91
19 44
7 126
75 41
16 2
4 28
133 57
3 82
93 52
119 27
60 28
75 126
50 48
40 112
80 84
103 73
104 2
103 128
9 37
133 24
67 93
120 105
93 24
50 19
108 60
83 74
38 71
90 113
92 68
87 94
137 79
137 76
16 94
63 94
99 28
21 101
69 32
63 114
61 84
16 26
67 63
117 91
114 28
66 18
115 20
136 52
35 71
101 29
59 13
112 47
88 7
2 36
67 19
21 31
61 79
84 47
97 102
129 38
100 76
122 18
7 20
53 90
122 36
35 36
115 116
84 9
3 54
95 133
38 36
100 54
116 96
66 51
90 103
125 106
104 0
35 66
107 126
87 77
61 9
137 17
98 57
113 91
131 137
137 44
65 39
19 118
46 1
134 109
122 37
113 16
14 1
82 126
35 118
64 4
110 48
117 66
87 132
97 77
115 85
41 94
117 68
95 9
123 10
64 50
115 81
37 106
72 96
56 51
14 71
100 123
100 24
62 23
62 108
31 133
49 123
46 41
101 84
115 1
134 52
122 100
35 91
18 36
75 20
34 89
53 113
103 102
27 102
90 111
0 78
99 109
7 104
131 75
55 76
54 10
137 4
4 73
88 33
102 133
50 97
464 324
367 415
393 275
194 249
361 424
208 210
65 411
123 344
143 426
389 158
203 436
73 107
211 245
453 351
3 100
128 79
426 156
325 378
250 136
160 295
314 52
148 230
114 136
170 171
185 224
289 268
443 434
365 192
172 462
4 218
251 391
266 190
381 275
231 178
97 428
46 245
276 45
260 349
139 294
338 304
147 31
121 92
453 148
417 463
134 325
25 400
380 299
8 276
121 458
389 421
393 210
440 159
133 147
156 32
18 105
188 127
44 312
140 198
316 356
269 414
99 220
368 382
100 151
259 196
385 301
240 231
164 418
166 91
455 60
457 189
116 113
119 341
88 447
167 294
22 243
306 388
234 102
34 272
216 107
452 70
230 343
100 138
314 230
338 274
134 192
405 90
454 373
105 299
55 288
59 319
428 346
434 423
60 159
323 59
103 359
103 440
248 364
434 414
112 417
73 352
150 432
204 10
313 255
270 39
199 43
28 463
405 442
183 102
383 337
282 13
165 69
289 201
211 52
340 90
129 255
453 77
240 261
239 305
434 159
451 446
430 127
256 431
353 384
133 59
435 114
89 168
436 425
328 460
180 395
297 180
97 315
395 149
283 312
392 218
436 31
160 389
203 92
418 159
302 257
230 281
271 438
206 385
52 274
377 187
284 229
315 129
327 161
306 118
199 325
200 311
248 296
4 243
146 154
231 400
23 313
319 155
394 151
30 463
358 225
98 106
316 137
97 101
64 132
75 123
5 21
333 79
301 119
313 320
172 215
46 382
67 170
204 0
431 17
266 158
324 52
369 391
116 87
272 371
1 218
227 461
357 118
160 248
380 278
289 231
359 373
386 349
72 126
206 41
206 394
266 352
165 438
28 120
88 419
69 135
183 128
210 126
95 103
322 0
223 262
290 384
144 9
372 359
111 291
111 30
293 205
246 429
442 71
86 147
150 435
256 223
30 433
406 77
456 240
299 349
56 144
65 107
76 31
156 338
162 344
211 460
317 369
326 51
371 286
73 193
116 395
2 330
270 55
47 209
33 109
75 13
246 275
198 58
233 142
142 35
316 41
112 384
344 320
313 236
160 47
313 224
392 224
34 58
229 379
387 115
416 53
308 355
302 70
299 433
195 191
316 409
225 128
97 22
349 92
252 6
283 338
253 198
20 92
457 431
233 407
153 205
346 219
259 106
327 126
21 219
456 219
415 403
203 210
46 384
46 54
251 15
369 17
276 68
251 39
230 124
218 338
276 298
165 254
371 413
134 394
78 419
333 320
429 344
272 304
53 378
22 39
142 411
191 447
417 247
200 363
309 80
183 212
151 0
60 155
390 322
416 21
449 438
4 315
201 68
377 341
401 373
52 23
420 151
441 75
148 96
436 157
9 129
448 359
412 94
111 7
0 35
82 273
358 330
415 92
210 311
298 53
43 228
340 214
297 393
385 221
281 119
180 149
99 24
166 455
104 169
139 419
211 400
157 101
146 0
144 142
155 66
141 134
94 77
92 197
162 182
27 103
136 126
142 6
97 113
39 95
141 43
64 173
106 109
208 48
31 9
177 79
60 174
23 114
155 210
124 67
55 117
63 16
199 66
6 148
150 167
158 136
29 1
112 113
1 111
199 180
117 99
47 159
35 70
18 137
155 168
133 146
121 56
5 15
87 45
185 116
187 67
178 128
83 74
141 98
144 149
120 140
158 70
82 153
110 153
86 45
142 10
166 73
84 87
65 167
185 193
199 6
51 59
191 180
97 70
42 95
30 95
174 2
19 208
32 70
170 90
76 184
95 17
27 18
68 175
171 8
178 107
145 52
195 0
62 96
150 68
97 140
109 5
20 5
210 129
183 91
66 15
191 91
107 91
56 48
32 66
84 63
160 205
184 125
153 128
27 163
126 22
80 63
69 34
163 161
64 171
90 117
56 152
209 128
9 15
23 17
111 12
194 90
40 43
150 176
111 95
13 125
97 198
90 16
46 0
51 117
53 164
120 152
29 40
70 188
39 110
92 46
142 66
201 49
49 205
138 143
181 142
199 22
19 154
19 104
59 15
7 113
201 197
32 125
80 180
102 118
24 81
50 100
59 7
178 53
56 81
83 92
174 82
126 43
23 132
155 160
84 184
65 161
43 91
141 210
39 93
96 77
210 96
120 210
104 108
14 70
7 139
131 43
209 168
131 95
84 142
45 148
33 119
49 21
42 108
179 143
1 72
100 113
106 101
60 20
117 48
156 115
136 78
88 75
110 43
121 105
112 160
178 205
178 57
178 141
53 54
162 183
186 91
96 188
27 157
171 146
32 175
186 77
206 37
74 131
30 67
6 102
194 107
182 210
109 79
192 164
76 0
203 156
176 167
26 80
28 80
142 9
93 118
1 163
78 11
112 104
84 135
9 22
201 135
29 106
76 15
12 164
166 34
131 3
31 182
138 33
103 101
157 80
51 164
5 43
92 165
154 125
190 93
165 9
34 11
170 55
137 175
1 43
187 162
42 168
32 40
40 46
96 8
42 111
27 188
156 107
187 191
16 172
193 135
35 210
20 4
117 188
41 184
24 200
89 127
179 94
143 113
25 140
87 26
112 100
118 48
180 125
90 80
173 37
131 58
98 118
29 140
5 188
207 210
12 168
60 31
30 205
9 61
44 122
7 128
80 6
25 95
191 206
190 5
11 0
90 101
14 118
18 175
83 17
187 14
179 98
51 7
149 148
194 50
210 102
28 13
120 28
106 143
126 9
24 107
196 63
178 114
82 192
191 176
189 33
80 159
82 15
109 140
109 126
179 33
155 206
82 17
34 140
96 67
121 4
29 127
112 123
32 146
169 33
150 129
144 3
65 78
185 128
62 48
78 102
30 96
34 49
57 117
187 40
27 121
110 76
141 177
185 202
47 10
10 101
19 75
64 176
107 146
131 142
100 46
65 99
60 146
158 125
52 9
181 13
38 69
60 13
201 58
120 43
88 9
192 138
59 191
139 172
144 173
130 66
82 6
193 98
88 49
197 115
5 49
79 113
17 78
147 89
28 52
51 190
41 172
124 33
163 173
144 141
66 118
144 56
74 105
133 66
19 37
210 119
90 52
38 79
60 37
182 164
150 24
32 181
9 17
30 54
194 134
150 172
184 37
117 118
170 72
1 119
90 62
158 90
9 75
176 63
27 46
90 154
103 45
60 24
71 188
18 119
12 159
72 17
88 48
35 8
143 205
176 67
79 102
104 37
160 3
106 2
178 18
170 37
57 208
129 159
201 115
12 63
71 13
34 17
89 8
352 231
26 225
181 52
305 60
129 80
251 165
210 330
285 77
88 219
250 181
29 98
176 326
198 113
342 103
250 54
64 215
280 24
24 143
134 337
316 32
226 260
310 270
3 150
195 317
23 182
228 89
133 98
18 73
192 102
203 349
97 147
205 144
181 118
262 185
94 305
246 302
218 239
231 232
122 76
127 166
239 45
21 341
351 248
101 215
317 156
40 32
185 54
11 213
14 7
23 279
58 45
350 205
312 340
348 88
192 62
25 12
226 172
188 171
74 174
196 94
330 249
12 61
176 116
197 291
51 106
17 129
28 179
308 242
63 73
111 304
168 164
125 206
348 300
3 138
248 197
348 215
264 315
289 47
40 73
172 339
338 36
220 124
124 90
124 214
51 107
43 86
49 175
317 91
184 305
172 68
61 33
39 216
101 127
342 222
21 228
36 50
75 108
100 92
316 227
250 139
220 121
115 242
200 59
0 299
241 340
187 134
267 165
151 104
218 47
216 266
113 1
219 304
9 13
119 7
249 245
132 47
194 338
25 138
187 269
308 9
349 271
218 83
105 64
95 80
222 137
9 78
84 55
167 9
246 271
285 107
128 145
218 313
12 85
83 27
264 184
0 93
306 246
119 92
325 274
12 337
144 214
255 35
140 36
286 45
150 11
43 153
231 331
331 104
167 209
315 117
232 92
238 235
74 249
300 190
22 279
255 200
202 238
218 209
37 252
291 156
43 172
350 20
39 225
84 122
327 234
70 279
223 213
330 213
196 169
273 4
251 345
208 164
323 44
105 124
176 277
162 225
270 279
125 253
174 72
129 157
294 328
159 213
242 256
281 113
232 124
302 141
83 317
289 136
79 124
113 172
279 126
152 334
3 93
212 304
206 41
5 94
183 127
150 285
146 122
260 216
262 276
228 174
131 213
253 98
20 177
344 32
132 91
22 55
313 7
127 233
31 245
25 5
288 1
20 258
9 175
15 311
280 48
125 55
95 48
284 89
145 334
313 45
268 331
115 107
202 18
138 32
94 149
24 204
99 261
207 313
226 100
16 221
