5
113 353
65 80
59 24
104 103
5 54
82 57
66 78
31 50
6 43
83 41
10 105
21 31
39 10
65 39
110 108
86 94
59 35
27 35
110 63
26 79
25 14
37 27
24 34
65 40
55 14
49 107
54 62
60 2
47 82
61 52
5 102
41 84
59 86
51 107
94 45
13 111
76 61
56 106
5 33
104 62
45 98
71 48
4 27
89 14
94 60
65 7
26 43
93 38
95 79
58 83
4 75
90 92
42 99
110 41
81 44
65 103
64 42
95 51
61 11
83 63
6 40
5 111
9 103
8 48
22 23
111 3
16 41
99 63
36 23
37 81
86 104
111 34
39 106
65 25
90 99
57 61
25 107
74 15
67 61
112 111
95 15
21 38
53 46
70 99
87 7
75 40
66 35
31 42
44 80
64 3
26 1
97 16
47 46
87 88
62 103
3 48
23 20
89 72
72 52
24 40
48 32
97 90
16 104
1 74
22 62
51 26
95 78
31 48
25 74
112 26
64 27
73 48
59 79
107 1
97 22
39 40
90 29
99 103
0 62
112 11
81 5
66 49
47 99
31 61
59 112
81 2
65 23
2 43
0 107
82 33
69 2
4 18
49 36
66 75
22 32
88 106
37 90
68 14
66 10
87 104
53 77
67 60
10 101
78 85
64 54
53 108
97 33
6 34
76 83
16 63
78 71
56 20
52 96
12 98
76 1
94 62
24 92
71 77
19 63
78 33
16 29
68 30
31 64
22 46
87 61
3 84
28 46
25 71
68 40
44 72
27 15
110 104
97 62
17 60
90 106
64 70
81 62
37 35
75 53
99 7
3 80
83 28
66 45
44 2
53 28
58 104
9 91
109 98
78 88
110 33
5 35
72 71
106 101
56 110
92 103
59 28
71 34
66 23
57 101
25 101
2 14
72 30
87 26
3 23
68 72
41 91
97 89
65 108
110 50
97 52
0 10
109 2
41 32
89 101
35 38
81 29
59 81
21 35
93 30
85 80
73 100
82 50
47 92
61 100
33 3
67 92
55 111
17 44
59 76
37 14
78 83
7 74
44 74
31 100
58 102
19 20
21 6
111 63
53 34
86 43
65 83
40 80
56 98
1 9
2 63
89 25
12 25
25 62
59 80
56 74
19 42
5 77
86 69
3 1
100 9
51 58
86 73
112 63
13 30
28 50
12 28
47 6
21 16
21 63
36 2
110 62
110 99
10 96
3 35
41 52
75 93
70 72
27 93
18 6
83 35
8 87
6 11
102 91
89 32
13 62
35 46
83 103
84 15
51 69
56 71
94 25
107 73
44 36
10 108
83 50
13 35
41 63
110 35
105 15
100 11
95 76
67 44
13 16
97 79
43 32
12 60
4 76
103 15
99 91
107 10
64 49
40 96
86 89
66 20
17 16
25 104
61 79
66 43
31 71
23 9
72 101
70 61
88 57
60 105
18 84
81 99
93 105
33 65
43 63
86 101
95 107
4 74
37 13
19 53
63 35
13 22
91 7
17 15
49 62
89 77
83 3
4 103
84 32
87 85
1 101
5 79
33 10
47 7
44 38
99 2
109 112
107 23
75 46
66 65
57 105
27 83
35 105
109 38
59 56
372 181
142 57
244 255
92 174
204 213
160 214
295 303
31 201
158 235
180 169
228 371
363 277
289 282
354 219
234 61
151 161
104 157
360 154
280 246
313 310
348 101
133 42
343 357
173 334
15 233
210 19
171 257
117 304
102 190
330 260
243 19
280 179
223 287
204 297
137 170
292 363
307 195
147 87
151 270
125 371
116 113
7 1
82 190
370 16
350 49
155 86
0 243
321 173
119 274
27 346
203 276
108 45
130 237
136 200
77 172
237 6
30 99
59 298
31 126
57 239
72 126
341 245
309 188
69 102
312 255
229 225
155 95
139 163
42 228
296 236
342 138
352 327
189 197
253 101
327 70
63 197
2 325
218 172
254 368
325 361
127 23
59 128
348 352
32 214
323 316
325 314
137 233
359 320
122 25
360 128
213 371
298 156
3 34
230 322
286 323
17 201
304 41
138 49
39 189
92 34
47 114
19 208
186 266
92 315
302 111
146 9
350 234
353 41
319 173
251 216
283 76
75 70
362 287
24 102
92 66
280 288
292 265
198 317
210 37
134 263
15 190
19 16
29 132
174 346
178 344
146 52
112 1
105 234
17 175
13 135
39 63
281 221
169 353
311 95
256 224
223 240
115 364
108 234
138 192
342 52
290 331
301 90
53 107
116 357
204 150
359 37
341 351
241 310
170 111
295 237
251 79
340 101
107 78
254 121
51 239
106 157
67 212
36 304
127 272
284 74
200 228
4 352
194 317
158 164
230 185
348 185
69 350
105 369
83 365
285 149
246 287
149 344
343 79
185 244
161 201
64 60
167 352
137 13
311 344
251 208
109 346
211 287
301 320
246 225
75 254
300 37
49 27
7 12
175 273
267 78
296 211
289 52
106 133
178 48
48 214
187 19
277 88
59 267
16 50
81 171
124 246
65 250
270 182
4 50
238 87
91 29
100 134
95 134
287 11
266 270
89 163
185 282
115 191
79 24
37 244
161 31
245 258
25 63
265 13
8 99
93 245
20 249
127 182
234 94
32 0
115 90
108 247
33 71
32 149
151 199
58 149
147 197
139 40
164 298
80 19
51 71
216 252
222 69
252 29
111 250
167 94
103 146
138 65
66 78
60 141
3 132
86 220
171 182
170 260
293 79
20 24
126 128
57 33
160 292
111 217
293 133
52 46
54 298
197 184
128 60
286 80
56 297
181 235
28 17
282 286
195 168
251 24
274 258
195 81
270 72
195 76
36 114
274 259
13 188
124 198
76 259
236 136
67 101
227 135
18 116
181 202
147 219
149 242
37 258
198 182
104 197
137 191
122 68
101 299
65 113
128 43
226 92
26 67
192 120
140 51
105 127
119 24
188 107
196 148
163 199
128 48
11 88
255 212
188 183
169 214
13 286
296 107
147 33
224 299
96 4
75 264
271 289
131 255
153 148
196 224
93 182
67 197
300 278
221 229
125 29
25 238
120 230
40 150
288 125
38 101
264 179
269 212
12 71
105 153
68 30
93 54
232 173
95 217
235 85
91 213
132 31
39 283
243 227
254 220
6 174
287 133
254 102
264 80
3 195
139 206
34 153
211 154
179 148
111 113
126 207
39 199
174 134
100 232
281 242
75 213
103 227
44 287
210 278
202 278
81 131
50 144
223 184
60 250
9 67
25 49
40 248
270 102
288 246
277 179
66 170
172 187
190 61
200 105
7 39
123 264
140 126
52 47
138 272
122 184
245 290
84 152
26 247
155 55
61 44
294 252
112 135
275 91
203 197
277 114
243 33
156 152
136 159
105 112
108 278
55 141
17 279
21 296
25 18
4 88
56 105
52 233
6 136
62 148
61 46
68 55
211 31
55 228
152 161
156 22
249 141
159 145
293 101
239 244
53 134
190 178
256 201
152 182
105 267
203 127
233 228
288 286
263 213
149 72
78 257
227 157
274 109
162 112
98 78
231 245
5 104
109 0
76 104
214 182
12 46
28 12
292 129
276 13
231 199
14 272
177 224
129 146
286 163
238 288
4 224
132 161
34 54
205 154
274 268
47 208
238 142
51 180
60 94
258 207
234 69
271 265
108 257
7 116
276 202
297 27
277 201
168 19
266 163
291 298
76 261
289 222
175 161
48 80
179 99
298 146
4 276
114 167
7 300
275 280
221 182
3 253
188 161
141 161
281 169
158 119
118 135
6 93
77 72
295 83
67 94
59 98
91 99
282 127
195 55
128 299
115 29
286 174
15 157
203 199
41 157
246 165
16 1
65 213
152 45
176 215
281 11
94 129
256 283
166 227
387 203
98 287
309 337
345 282
290 102
35 130
339 362
153 234
70 11
48 152
106 338
204 169
166 179
384 123
207 163
0 230
261 82
198 51
310 155
250 265
323 152
70 358
350 165
6 115
260 148
121 93
27 253
40 223
156 335
181 8
308 128
234 287
311 372
214 299
162 201
147 231
302 62
23 246
113 292
39 282
357 309
370 165
14 56
56 379
324 117
148 213
271 250
344 301
313 42
106 5
325 123
96 335
37 82
100 173
34 176
90 303
242 109
382 133
7 198
159 16
77 330
315 107
158 28
35 341
315 202
180 47
70 18
217 351
162 133
174 115
96 81
336 67
269 8
28 375
83 373
377 42
370 180
37 320
266 30
24 104
65 141
156 51
37 101
271 127
1 10
34 303
203 246
180 245
141 209
115 56
323 25
256 94
11 208
74 227
271 181
161 332
357 88
296 134
358 282
298 293
287 82
66 89
24 380
365 122
375 103
2 56
366 44
377 258
256 167
279 37
195 352
217 289
311 115
28 19
246 299
334 312
381 86
147 79
116 179
162 278
205 383
41 98
95 3
323 316
77 61
274 299
129 132
106 263
22 233
375 154
104 52
240 104
366 197
288 146
34 235
274 301
214 283
240 213
176 341
354 13
74 384
221 249
272 3
153 112
217 127
297 82
168 61
365 2
63 60
181 92
89 6
179 194
155 325
107 172
27 8
199 242
371 234
45 192
249 187
252 67
273 247
325 8
19 52
1 339
284 171
7 67
160 154
104 48
341 383
328 194
322 129
279 88
240 179
22 134
176 56
351 115
201 229
191 160
64 224
267 21
214 265
314 183
264 133
283 316
12 277
365 90
222 128
254 86
367 121
183 290
354 331
246 372
267 383
241 366
104 362
280 325
339 277
150 90
326 61
232 163
262 254
177 179
229 296
305 33
242 241
224 93
87 171
134 12
42 210
88 161
209 25
114 76
153 59
51 125
159 109
77 124
17 178
220 61
4 99
151 25
154 71
25 123
204 181
212 78
134 229
220 138
1 3
78 155
163 36
77 191
201 149
192 98
207 126
87 78
174 219
17 224
152 68
178 115
236 212
119 98
174 44
63 97
207 124
206 156
159 195
93 101
111 2
102 61
78 177
211 44
198 135
117 109
72 123
145 21
188 93
159 179
173 153
173 157
9 13
120 162
173 159
78 51
147 120
59 200
0 70
9 131
26 137
9 146
82 162
127 198
167 44
53 115
152 10
234 192
1 6
88 138
211 224
4 14
158 112
115 217
16 127
151 81
119 230
136 149
114 229
233 125
22 241
139 165
109 171
210 18
239 187
91 199
236 127
38 161
98 2
173 155
148 210
195 31
105 97
27 227
122 202
123 112
163 188
226 178
211 84
219 126
98 181
196 224
152 124
67 59
144 54
109 175
79 67
226 72
71 161
148 58
120 135
97 103
90 52
173 105
226 119
121 134
38 73
131 37
83 198
144 73
205 194
119 5
47 123
25 184
59 123
124 181
158 176
76 35
205 239
231 217
150 86
169 7
223 109
189 116
63 6
98 186
223 124
26 220
94 224
222 216
196 204
170 32
96 94
93 23
151 23
185 215
114 20
122 119
162 32
64 140
174 135
132 133
9 15
19 75
99 72
179 125
83 174
90 241
42 105
17 112
234 177
153 176
219 54
91 184
57 119
89 137
146 221
93 149
230 76
228 32
41 153
158 34
24 222
26 17
224 157
82 16
128 7
240 238
139 13
38 155
59 194
59 165
163 190
221 219
205 200
78 132
27 222
27 55
99 149
5 13
128 51
17 235
113 184
223 98
8 52
142 190
114 53
234 137
33 172
85 168
209 210
63 180
122 19
68 126
234 65
66 236
155 112
236 183
97 80
9 36
188 225
5 179
53 179
19 144
153 183
234 109
205 238
115 126
71 181
150 99
159 39
14 96
30 195
193 74
85 181
210 52
236 153
91 186
4 214
118 30
135 191
121 218
236 155
152 141
91 81
148 182
197 97
49 73
100 170
110 120
