5
173 413
84 38
30 4
44 162
115 86
132 19
163 79
83 160
98 16
12 5
62 171
38 47
26 60
101 169
111 89
101 107
45 149
33 96
168 123
10 90
15 6
90 100
18 112
20 52
90 19
98 162
76 80
60 46
83 57
17 18
94 74
41 127
121 2
70 36
82 139
44 17
166 87
132 101
37 103
20 117
76 119
34 75
125 171
164 91
11 62
71 3
118 78
84 160
16 152
130 54
33 22
163 0
1 65
28 111
64 107
139 46
45 0
26 158
105 126
10 61
55 140
34 129
152 119
161 125
150 38
6 77
158 73
25 18
134 40
34 70
70 160
99 43
159 146
80 119
170 57
69 62
92 67
63 111
158 106
83 152
152 68
7 74
137 67
21 18
49 104
25 97
14 149
167 25
159 6
72 41
139 37
101 162
109 24
139 41
152 171
82 143
71 24
28 21
38 67
25 125
133 1
99 129
61 127
163 65
114 14
94 18
42 86
54 114
22 65
9 95
55 112
79 60
53 30
56 51
142 134
105 134
124 66
101 122
94 43
13 65
27 111
28 117
45 51
130 18
5 40
80 6
168 122
132 158
12 37
61 54
163 66
126 87
69 1
118 26
101 66
4 97
130 104
74 165
163 145
47 71
76 113
14 96
9 41
169 89
61 149
44 6
16 79
54 47
81 14
72 169
108 113
52 112
11 48
161 21
73 22
28 19
44 19
138 65
128 104
76 96
16 115
138 119
49 23
36 113
95 86
37 47
14 66
58 138
90 71
25 109
153 161
15 105
104 110
116 84
132 29
59 161
118 117
86 135
109 52
118 45
160 45
162 0
101 43
156 152
123 1
37 129
48 52
30 111
35 83
34 12
81 16
90 43
41 153
10 29
85 40
143 45
88 133
33 125
88 85
48 0
60 140
20 134
139 122
35 96
38 2
106 169
108 129
35 97
55 163
94 106
30 21
92 45
165 65
13 111
121 66
25 51
130 17
1 24
99 1
75 139
12 71
41 124
147 103
100 105
56 63
118 142
97 93
88 135
123 29
107 85
104 124
68 165
128 129
20 2
19 77
154 51
132 95
75 114
15 40
136 14
93 140
33 39
30 88
95 129
70 144
100 78
9 46
147 22
70 41
47 117
109 51
153 115
114 110
157 117
140 113
167 171
157 50
35 146
22 57
115 51
133 109
109 3
137 142
102 1
116 134
167 61
53 164
44 91
136 89
90 139
144 111
75 98
164 149
156 6
97 0
99 92
21 86
82 170
55 81
38 40
159 21
132 107
86 124
143 32
32 46
127 6
0 50
128 123
62 66
36 33
137 156
12 40
137 46
116 21
7 4
28 97
76 41
121 85
82 113
150 40
154 79
138 77
143 125
27 22
53 119
25 73
44 169
55 23
98 91
8 129
109 119
143 31
144 98
60 86
88 33
97 17
60 104
132 105
94 125
128 111
120 145
74 21
118 58
36 171
91 119
12 68
152 65
120 155
90 109
42 134
61 14
84 146
90 84
128 84
118 16
137 125
97 46
43 141
28 15
4 11
4 152
0 23
4 21
110 151
41 1
105 6
59 71
82 83
41 49
84 0
18 145
70 124
83 45
58 0
64 54
133 159
64 14
163 45
172 31
93 71
93 136
136 31
82 100
35 37
102 28
36 109
5 45
65 77
3 66
137 83
12 28
16 33
81 92
16 123
83 92
32 110
147 65
117 87
80 150
139 71
29 125
132 54
159 40
90 97
28 41
9 79
13 140
82 46
30 46
48 162
4 139
75 32
5 13
35 126
81 163
53 27
44 52
69 143
71 2
47 57
88 45
134 3
41 142
85 139
142 119
44 26
56 1
154 1
73 78
44 45
102 54
42 79
139 114
68 89
355 305
63 289
324 209
246 89
279 349
189 297
75 40
338 261
69 252
171 120
252 137
332 164
62 353
194 271
352 54
36 52
219 102
196 47
134 9
158 139
278 40
319 9
303 138
39 16
281 323
291 44
33 3
228 128
22 144
39 59
84 70
268 331
15 143
198 194
179 230
70 314
66 164
188 265
108 161
263 289
204 26
349 337
353 30
204 171
79 65
10 131
131 263
59 197
348 182
106 129
295 345
172 51
269 275
172 261
113 102
100 145
336 203
75 334
159 75
322 4
181 307
332 51
272 80
117 49
146 137
123 76
233 316
283 274
286 163
45 258
104 81
127 221
276 172
156 317
196 157
149 193
129 244
230 181
225 114
177 60
259 136
120 135
108 110
300 308
222 200
119 225
130 302
142 121
330 338
53 278
307 203
44 175
117 291
111 201
346 53
108 249
276 94
324 48
183 190
229 81
161 29
322 50
299 42
185 266
207 77
232 182
39 95
204 274
100 190
324 271
110 94
309 122
96 188
25 312
176 213
269 221
244 215
133 315
111 262
347 14
245 132
303 296
231 45
5 139
280 139
349 317
148 315
208 228
349 221
303 89
318 343
323 78
18 36
204 136
153 91
338 114
338 101
235 33
245 226
47 213
267 92
78 244
91 180
84 12
57 231
241 210
218 188
200 13
62 84
158 30
171 215
171 11
253 312
190 266
68 99
138 312
223 98
267 264
67 61
223 114
69 99
174 35
354 281
315 140
281 3
104 250
113 280
145 261
281 279
20 297
107 80
253 186
100 337
133 274
129 53
280 26
11 175
169 17
63 298
320 218
272 60
128 74
200 33
70 135
256 249
264 125
231 239
267 206
223 294
323 248
205 134
330 303
74 61
311 5
311 331
264 72
76 59
218 0
77 88
347 101
198 324
219 79
330 154
174 306
4 215
118 297
22 239
131 171
228 94
181 306
111 274
228 342
110 299
56 126
300 258
160 237
316 70
349 206
187 298
123 26
219 145
233 91
229 7
244 132
73 248
196 55
194 188
36 113
295 350
62 46
58 125
83 288
124 101
135 251
110 203
2 278
50 53
204 277
103 7
185 307
36 249
60 290
162 234
107 332
323 45
113 234
281 202
167 324
2 56
83 131
285 72
128 51
136 188
0 259
47 297
52 61
144 296
245 24
261 342
286 90
130 80
144 149
146 135
279 97
52 139
198 326
316 9
2 75
18 126
107 118
205 151
17 70
153 301
91 305
324 341
194 213
173 106
178 341
2 125
313 317
131 325
263 101
163 240
59 101
340 265
95 211
64 42
146 48
17 278
181 350
191 295
351 84
101 143
349 280
330 307
107 189
156 290
303 301
311 50
345 348
317 316
273 49
93 42
39 157
11 151
347 262
413 438
69 138
241 340
53 6
23 177
183 382
213 89
107 352
394 384
18 156
118 231
122 88
302 106
365 30
335 206
198 277
397 190
149 134
51 245
385 217
227 367
56 295
60 279
236 367
147 353
383 302
198 207
259 392
306 180
263 296
144 97
251 404
233 284
259 76
225 385
119 97
165 94
375 127
236 209
200 181
65 255
239 83
116 342
266 324
113 371
228 191
235 33
236 103
241 337
289 87
202 17
209 325
258 198
150 169
37 87
92 185
86 353
52 342
315 402
153 48
172 127
27 84
169 272
61 122
96 179
405 141
343 57
63 238
259 211
184 46
83 151
312 245
341 334
241 309
227 306
317 342
192 331
391 167
20 262
403 276
71 9
55 181
208 378
209 332
14 357
39 290
259 42
149 355
393 101
360 102
165 250
86 261
218 153
227 5
367 22
346 105
191 324
147 223
405 300
12 294
285 216
193 100
327 119
21 357
138 302
188 357
179 110
147 199
81 332
107 174
20 214
257 284
148 235
284 153
58 244
140 267
317 10
351 301
178 219
149 305
60 288
71 46
359 179
161 381
20 10
61 142
70 105
369 262
303 40
346 177
220 352
325 268
314 93
138 108
312 309
76 21
56 229
159 409
172 188
336 256
285 246
362 84
168 398
403 226
19 352
172 305
250 231
392 5
241 56
391 37
375 309
230 78
366 273
383 54
406 271
221 151
41 229
121 147
365 293
406 264
194 352
65 38
75 135
192 320
47 245
218 50
43 62
24 319
203 200
7 32
73 15
60 88
19 355
74 31
24 353
39 174
160 322
285 395
52 303
384 412
0 279
281 378
211 389
259 96
121 37
136 282
230 66
368 142
18 80
4 309
335 86
210 207
12 331
242 265
284 371
218 8
53 332
1 387
319 252
25 162
16 152
86 16
15 93
195 174
314 22
315 211
200 153
240 134
224 230
63 180
237 330
283 181
179 28
11 298
129 108
318 311
271 261
293 26
317 14
326 11
240 137
38 387
123 279
355 244
213 103
113 26
233 64
127 26
386 95
329 335
336 40
356 302
240 367
30 145
25 7
218 392
60 300
211 91
382 378
232 309
161 70
226 145
366 258
129 138
376 108
175 112
220 4
76 378
15 14
39 56
185 133
135 323
92 207
3 371
147 17
329 187
198 173
300 321
373 288
195 14
18 191
184 111
228 17
195 116
398 387
252 62
393 307
328 194
14 223
241 8
65 208
377 246
247 186
57 234
150 111
295 250
263 313
39 70
101 371
133 401
374 218
37 84
272 59
91 10
225 321
22 270
25 113
264 187
81 126
385 197
96 30
329 278
386 73
405 261
124 357
177 108
109 186
343 141
308 83
285 398
279 344
356 282
11 266
0 234
335 4
323 408
410 243
165 349
56 3
117 207
341 246
346 298
119 125
59 70
192 344
344 5
219 136
225 164
184 330
277 409
264 108
198 296
255 396
195 410
202 127
128 93
34 118
61 20
120 45
192 371
39 122
322 13
226 33
361 187
235 356
149 219
398 90
122 332
248 332
8 299
187 401
251 49
76 356
353 5
341 122
217 301
195 41
74 333
53 206
315 326
140 101
198 336
264 351
221 14
236 64
228 289
405 108
209 57
346 250
202 331
316 399
221 146
410 29
348 97
243 357
323 62
392 112
240 54
264 243
195 92
248 215
310 122
402 382
283 255
185 44
269 342
389 302
149 229
353 223
191 409
262 102
100 110
193 333
323 191
299 217
222 349
411 236
115 336
6 275
374 230
374 23
2 5
121 171
165 267
86 106
164 404
94 24
346 318
200 265
363 197
340 255
183 73
101 312
329 83
65 82
390 313
369 41
351 19
201 214
89 301
224 185
341 213
407 354
59 125
280 189
341 244
369 346
233 288
317 155
340 347
76 101
407 306
180 278
71 43
185 93
329 23
286 3
344 309
349 309
60 1
372 114
263 283
122 175
257 330
115 330
120 188
208 293
239 6
308 328
296 368
222 187
93 55
216 150
139 142
182 273
191 12
33 282
211 136
68 267
130 29
51 56
15 5
127 239
69 176
32 161
138 33
289 34
2 96
130 75
245 55
17 20
227 191
60 138
241 91
182 81
239 102
88 200
134 26
260 122
99 210
63 272
89 25
19 55
179 4
152 6
101 102
91 20
38 80
9 267
211 164
207 267
162 176
115 102
47 11
233 190
175 93
166 169
165 186
120 246
177 123
127 173
8 76
256 188
140 294
265 25
116 38
242 272
216 275
159 183
87 131
244 80
114 208
176 249
137 55
289 155
10 74
258 189
109 193
11 12
8 251
152 197
127 186
46 19
22 206
157 31
237 180
8 66
138 183
220 76
178 177
100 93
84 235
129 179
95 241
152 175
62 44
257 136
154 86
81 26
175 62
290 84
201 144
266 191
293 103
128 45
116 93
242 137
271 294
224 80
89 149
216 247
0 187
244 87
38 126
275 235
44 192
184 163
267 179
10 144
293 295
101 256
107 5
284 18
183 113
140 209
108 189
29 22
149 285
233 227
224 107
245 136
30 106
290 50
109 161
291 77
289 33
205 263
150 16
155 45
292 96
83 20
242 9
199 78
181 227
49 20
290 136
145 233
10 107
216 92
197 265
73 26
232 0
63 131
160 187
244 36
293 30
120 285
228 20
19 259
71 269
57 210
1 59
30 108
220 59
256 169
276 58
178 142
47 38
162 291
203 251
36 5
75 126
87 107
133 65
145 182
258 143
287 149
280 50
99 20
266 235
223 80
35 61
109 61
291 176
293 81
120 74
205 30
171 68
125 157
91 76
111 131
155 11
177 84
24 192
66 288
289 207
3 5
138 3
280 46
50 144
27 170
166 227
100 233
90 105
99 31
95 275
156 143
185 97
257 22
280 91
273 225
5 58
208 142
112 208
153 287
92 258
229 267
188 53
128 145
140 208
69 62
85 238
152 176
122 151
100 126
221 37
137 62
185 274
101 24
271 262
167 143
109 180
290 26
177 76
49 191
39 97
178 106
7 281
47 271
121 56
293 118
77 105
171 141
86 123
261 117
212 208
32 86
197 30
60 179
255 182
232 64
146 212
70 203
8 61
116 108
88 235
185 108
287 263
249 193
199 61
287 38
114 33
215 112
253 146
73 9
276 37
2 79
268 279
32 112
220 43
204 92
30 209
184 140
224 214
292 194
151 94
160 188
37 240
162 277
151 132
136 91
157 149
89 72
109 45
171 157
22 16
260 282
195 32
83 110
223 38
141 115
207 98
140 206
135 23
139 21
276 288
232 269
95 126
1 118
53 269
205 155
140 77
93 18
85 49
161 214
33 22
258 167
244 106
113 143
92 35
277 7
109 68
225 103
207 105
89 188
194 164
71 160
165 131
83 218
286 96
110 200
29 135
57 176
253 91
274 103
242 98
250 94
226 163
133 44
276 6
292 171
109 91
157 202
192 105
203 231
145 294
91 259
41 23
26 278
159 294
155 249
151 54
258 169
139 38
217 123
145 141
221 24
200 102
292 232
166 84
82 43
82 238
279 264
130 131
49 183
242 261
19 107
32 66
13 179
135 225
62 106
286 47
131 190
154 147
175 192
242 72
197 24
118 14
46 117
260 88
176 77
246 5
33 170
203 16
177 233
113 192
178 277
96 55
312 173
135 84
217 52
20 38
280 185
192 48
33 307
287 265
235 31
72 240
152 298
145 254
199 89
266 25
263 234
30 278
19 262
119 70
283 137
106 75
241 130
184 170
100 155
90 186
253 153
42 244
110 86
226 173
261 272
78 136
273 72
205 20
161 36
281 206
24 102
269 198
280 51
30 40
52 278
117 125
88 230
85 25
166 4
218 298
149 286
147 207
251 267
42 182
14 84
172 171
290 204
299 104
223 90
282 99
6 170
6 61
162 18
69 118
293 101
191 275
8 233
286 106
7 193
179 131
56 50
14 0
269 141
214 35
204 80
53 88
177 115
211 94
241 212
135 311
117 36
101 80
200 231
72 141
51 76
72 198
57 179
81 219
200 182
57 227
81 216
260 296
93 46
204 109
255 144
223 170
33 284
286 115
9 186
274 186
30 174
85 186
286 0
181 250
224 133
49 194
203 233
115 4
252 176
29 255
297 34
269 86
152 44
235 90
56 282
96 254
125 229
175 261
257 256
226 86
87 71
294 119
264 68
197 63
205 282
70 79
167 62
161 111
297 303
291 176
153 304
226 284
172 135
85 136
161 311
48 46
140 288
293 308
153 168
58 277
303 38
108 129
253 21
291 305
207 3
203 153
9 99
214 31
24 164
110 101
103 247
140 51
103 245
273 121
181 185
29 226
212 37
281 21
150 169
64 159
217 72
134 89
49 70
301 23
239 108
132 47
42 136
213 305
222 296
54 86
160 69
13 263
161 279
255 186
145 94
58 31
301 92
28 291
236 237
269 103
