5
166 485
3 90
158 164
54 96
45 110
140 42
125 71
28 90
12 1
157 100
11 26
123 41
7 164
123 43
129 23
96 23
12 143
29 43
13 47
126 128
108 15
134 115
89 68
157 88
97 158
156 39
86 53
119 37
26 41
60 104
105 64
144 34
103 65
66 34
159 127
29 78
165 100
10 92
73 69
86 68
66 75
46 35
74 134
129 72
11 106
0 163
97 82
72 2
126 84
97 136
24 8
77 32
103 42
24 149
63 31
126 82
135 12
112 97
144 154
165 136
159 34
45 97
48 25
40 139
104 2
159 109
62 79
109 8
121 23
109 68
133 162
124 122
120 110
57 62
133 82
11 140
77 92
89 23
13 100
79 151
72 75
60 65
140 78
63 42
119 13
135 138
4 75
62 40
105 128
114 122
119 41
31 127
102 34
159 130
131 59
11 45
81 65
4 48
89 32
121 20
114 157
101 38
61 136
133 19
91 7
29 32
24 164
35 58
4 105
165 155
131 10
11 133
62 94
130 76
13 66
44 29
44 76
51 160
85 10
118 59
31 28
35 21
94 20
105 7
24 68
74 10
15 92
117 1
60 62
60 127
99 81
134 73
89 14
9 34
2 110
77 43
31 133
126 122
20 111
81 117
135 92
63 56
161 31
118 107
12 99
7 66
16 156
48 98
64 3
13 152
117 49
156 64
20 88
60 94
6 82
112 66
144 79
119 43
102 110
127 115
45 36
1 33
151 8
5 8
63 28
135 133
70 88
86 111
16 46
98 164
129 130
20 39
52 38
54 152
134 141
148 59
72 33
54 76
70 7
117 112
140 104
42 102
137 83
9 48
106 107
79 36
147 26
59 160
91 22
42 24
44 21
36 39
129 66
16 89
146 143
133 53
0 87
44 152
46 134
79 158
49 76
40 3
57 78
119 146
79 98
61 5
13 139
25 122
125 146
139 152
135 109
143 83
112 124
122 100
144 56
59 36
130 38
137 120
130 154
34 111
86 163
138 110
150 134
58 76
99 94
47 88
82 152
84 153
20 153
89 34
155 122
31 45
27 32
55 43
164 122
24 102
0 155
46 43
165 13
46 152
42 146
129 44
104 92
140 66
99 72
123 67
108 66
89 130
134 50
60 5
54 87
155 13
67 92
105 62
38 76
59 10
150 29
81 68
109 50
122 83
50 83
95 85
15 122
134 38
56 32
42 10
62 163
80 98
123 33
75 152
126 165
4 20
9 33
120 53
128 120
70 147
144 136
135 124
94 56
70 98
41 8
56 88
93 1
99 35
37 124
55 76
35 111
128 122
118 130
40 150
30 142
104 44
145 18
161 25
59 121
30 29
144 146
132 158
42 109
49 33
151 163
28 22
27 94
141 116
13 97
9 134
52 98
80 160
11 53
118 55
113 22
109 32
99 154
17 124
89 35
9 108
155 146
30 58
39 8
119 152
45 116
84 6
84 56
133 102
162 19
27 72
103 150
128 157
72 152
134 29
35 68
137 82
133 49
4 88
119 150
55 32
30 147
116 100
161 160
14 141
79 33
3 83
161 82
42 136
117 111
64 158
17 111
144 98
79 18
67 69
9 75
104 127
77 90
28 83
11 112
128 108
103 38
54 116
102 66
63 69
108 76
74 110
93 157
12 44
150 71
132 25
159 36
145 136
57 112
137 78
153 34
165 14
153 10
127 106
108 132
155 121
2 83
51 56
113 19
101 158
70 62
22 32
131 115
109 152
87 146
79 134
25 50
1 53
16 125
37 138
125 3
153 33
65 152
70 112
52 73
59 3
54 74
103 165
34 10
14 100
118 125
81 26
137 67
1 6
80 22
28 147
119 64
42 164
20 138
94 137
54 164
101 119
24 25
28 97
128 30
141 50
165 124
74 143
102 41
156 53
45 162
63 45
161 151
103 119
151 111
61 8
148 50
94 158
93 20
108 111
103 105
42 70
60 161
125 120
52 138
86 64
125 56
91 163
25 69
94 68
84 40
0 47
60 157
113 71
108 88
157 142
5 66
0 132
131 21
108 92
84 158
114 154
105 90
129 133
28 152
142 92
21 97
103 14
44 50
51 128
156 120
37 43
119 97
59 138
31 158
30 22
104 80
14 10
102 149
0 21
135 7
42 114
113 6
161 112
25 65
27 76
90 41
131 8
37 64
137 116
39 149
49 22
85 2
108 30
80 55
40 82
275 370
110 234
198 135
53 58
9 265
148 175
59 138
212 141
124 75
97 98
248 159
29 61
56 106
117 155
163 90
168 205
47 205
19 210
42 135
129 122
128 21
176 161
154 66
57 61
50 72
110 271
122 226
269 15
131 132
264 94
239 94
239 8
43 134
235 15
83 161
269 252
194 113
235 149
124 60
80 32
96 148
171 100
151 163
114 36
259 263
112 138
80 255
229 256
35 76
7 212
131 159
163 10
174 70
243 161
271 144
128 134
132 186
195 136
174 168
34 241
253 143
273 249
80 94
170 197
164 145
172 63
74 38
229 170
171 66
92 9
101 24
216 257
89 174
203 263
119 141
75 71
58 30
42 122
129 164
35 0
168 228
213 84
88 36
7 175
124 187
81 191
64 201
168 203
59 238
176 149
261 87
168 274
124 271
110 226
218 211
171 121
269 48
79 242
124 78
20 147
68 71
192 202
3 102
117 201
54 200
269 160
93 72
248 99
157 203
253 66
151 242
236 6
259 162
174 254
209 127
96 105
83 212
89 254
261 167
263 219
221 227
151 274
180 135
58 5
250 145
217 219
262 99
259 211
251 111
138 201
194 181
77 184
132 220
130 274
194 259
54 237
25 52
174 2
259 30
149 237
66 134
247 148
254 141
235 170
64 204
208 135
267 169
53 144
77 113
72 143
230 132
154 261
60 197
273 184
217 151
58 129
154 99
114 203
206 167
67 256
108 201
69 129
3 186
39 178
46 149
261 91
218 41
7 102
3 224
261 130
107 227
100 10
208 210
56 179
100 218
31 97
128 90
56 220
62 273
55 241
17 202
221 27
146 52
159 21
148 177
179 189
207 15
45 224
70 71
24 98
216 137
98 257
202 142
249 219
55 72
196 210
57 52
194 42
193 151
79 156
35 97
7 241
154 14
188 36
112 113
270 21
224 12
185 4
82 200
89 5
129 143
131 2
150 99
217 143
141 201
58 36
31 76
19 46
170 65
165 220
12 40
147 142
170 177
4 222
83 90
66 148
197 142
231 16
91 37
100 56
83 234
104 272
85 86
56 228
30 240
236 98
19 190
62 9
274 113
107 30
159 44
45 14
123 4
165 169
254 258
209 197
19 120
273 127
20 52
244 140
4 105
197 63
20 90
9 104
63 232
230 164
136 16
204 149
19 238
214 256
190 227
97 134
182 192
155 219
128 106
178 234
193 234
123 36
149 175
81 228
150 144
23 232
129 119
171 261
1 178
12 256
105 38
117 145
101 225
20 8
186 250
209 38
224 89
41 209
264 120
19 182
221 106
67 226
142 98
136 219
209 30
153 116
100 82
138 16
4 267
19 261
230 104
244 73
57 11
218 173
152 8
53 208
67 34
167 255
182 215
128 161
62 35
243 2
4 104
128 195
216 243
69 52
222 99
64 35
31 84
149 244
84 232
60 266
96 42
10 67
192 135
273 168
178 104
131 269
254 189
102 270
206 228
15 237
152 149
46 173
129 22
14 205
73 98
97 257
59 95
231 107
148 34
108 127
167 221
125 13
110 223
239 210
61 223
270 49
186 199
245 15
10 63
232 219
11 147
77 11
110 123
252 91
152 255
82 16
249 134
250 40
51 263
118 9
39 159
172 215
125 109
249 169
107 220
116 55
69 126
229 249
50 86
58 115
39 67
114 201
200 175
151 114
80 129
107 32
76 95
25 63
46 59
17 96
62 37
54 83
8 26
124 11
149 19
123 142
126 49
16 12
35 8
101 11
140 56
116 104
97 114
29 58
1 88
112 118
4 41
146 18
29 56
48 65
102 105
100 140
60 37
9 61
91 47
106 149
102 56
68 41
117 36
121 32
148 64
150 8
48 43
12 43
61 44
8 138
112 78
80 53
69 37
75 20
112 120
85 6
60 57
148 77
90 132
14 146
71 47
39 31
72 57
62 55
2 22
136 41
12 56
52 22
93 119
80 84
129 94
114 19
99 120
136 38
67 11
17 76
90 99
143 4
123 55
136 107
79 15
54 106
45 52
89 97
145 97
17 51
27 26
52 75
100 59
21 9
98 58
14 133
1 132
23 133
143 90
121 117
81 17
143 41
2 132
80 21
39 94
13 59
137 29
1 62
68 43
23 64
35 62
56 11
112 96
111 91
15 56
45 35
60 140
85 141
32 11
89 51
52 105
110 48
39 72
119 62
0 67
102 70
232 291
224 162
116 193
138 167
40 91
165 51
1 34
203 180
69 37
226 154
81 58
198 215
214 36
6 220
111 188
78 105
159 158
65 113
197 187
16 45
100 168
194 73
61 113
78 120
52 142
158 105
35 14
205 219
63 127
197 217
124 122
202 152
206 12
225 43
152 217
200 41
60 25
84 75
77 144
212 160
41 179
77 87
32 89
228 167
226 105
16 101
170 114
69 154
211 12
118 2
13 4
216 147
150 99
132 61
100 134
163 73
225 88
175 121
180 220
35 190
190 113
13 111
218 187
130 151
111 193
140 45
34 153
135 144
224 190
61 187
214 138
107 133
116 138
34 221
59 73
132 121
201 205
73 205
204 137
65 221
30 139
189 207
191 221
204 158
49 161
88 47
87 188
89 163
105 51
153 47
140 99
59 110
196 169
95 230
172 174
215 138
73 133
62 154
104 151
69 170
155 30
161 96
144 151
142 129
213 222
166 121
2 133
206 129
184 105
123 223
35 50
199 5
54 192
208 37
89 221
159 169
186 209
4 68
201 175
191 136
75 149
84 217
203 93
203 81
123 134
84 197
231 179
59 209
77 35
124 47
177 79
91 105
44 120
6 46
163 206
211 231
185 62
48 207
89 41
132 109
56 23
21 147
213 46
137 193
44 15
218 32
104 129
104 76
202 165
189 75
64 110
65 178
163 38
68 217
228 219
223 126
33 93
182 72
224 141
212 53
38 122
52 23
69 121
162 139
175 106
74 60
168 82
118 4
202 116
80 186
140 119
196 78
136 78
213 122
224 51
203 87
21 152
189 68
8 149
159 57
89 111
68 53
3 78
231 45
3 128
181 45
8 192
65 139
3 57
25 96
227 79
89 227
221 31
156 20
21 185
141 26
184 181
178 125
184 160
223 98
172 55
231 144
61 114
218 156
87 221
186 125
123 93
231 131
162 82
226 17
84 58
101 179
49 129
34 180
226 112
77 127
137 25
112 58
192 58
156 129
99 149
212 193
203 167
104 137
77 111
222 110
210 207
118 28
136 45
203 129
68 0
143 196
118 61
147 75
76 127
123 16
88 206
216 50
2 138
83 115
73 31
111 29
64 192
100 97
227 185
11 37
37 119
86 20
13 193
159 93
94 56
221 72
214 57
1 92
134 109
196 129
156 127
231 75
207 2
172 169
181 90
54 24
84 140
34 141
34 26
48 23
205 17
174 31
175 73
215 125
25 93
131 209
91 207
191 11
83 221
189 192
135 108
169 171
47 5
107 139
226 192
194 50
203 231
61 179
19 142
103 31
112 124
22 206
81 209
60 118
74 3
60 105
294 355
224 8
138 232
262 160
127 111
121 174
93 206
186 288
165 132
210 154
87 248
169 213
139 286
278 176
103 185
1 155
290 75
122 179
147 111
5 136
220 64
124 276
119 172
193 242
214 199
194 272
281 63
165 63
51 213
125 191
55 201
23 104
143 106
48 285
32 67
42 130
108 240
187 123
10 258
197 140
47 153
103 243
134 49
42 208
90 231
19 198
259 262
80 170
33 153
219 64
5 244
237 55
140 89
144 271
60 24
187 208
223 228
100 151
142 107
285 26
100 75
198 20
17 62
124 57
152 252
146 6
37 62
263 161
251 14
242 120
60 154
63 73
285 52
2 1
19 125
95 127
31 260
278 99
243 74
84 24
273 233
165 39
71 135
172 26
72 257
97 286
190 25
17 268
217 231
48 271
41 122
173 184
107 32
36 40
101 178
191 219
230 96
154 271
70 155
253 43
196 141
275 156
31 228
176 260
66 165
213 38
90 120
241 8
47 287
287 113
195 211
55 280
42 206
277 227
69 8
61 256
53 54
193 153
84 185
68 32
25 176
85 88
61 59
90 6
7 11
130 123
59 216
144 275
258 239
51 265
56 196
194 115
51 41
34 11
218 225
274 62
31 53
108 203
143 126
127 115
128 8
166 11
101 186
42 150
159 44
156 175
68 132
262 130
228 233
218 139
160 113
209 247
27 156
47 79
92 239
21 156
235 63
139 189
91 158
251 293
229 222
33 181
178 69
20 181
121 6
63 233
118 128
251 161
292 136
164 63
192 18
169 140
31 170
174 44
151 186
27 188
70 266
285 89
194 57
90 230
49 63
167 180
246 176
80 154
292 171
12 173
134 200
147 207
16 71
160 139
82 104
182 47
94 221
48 203
249 134
22 114
112 201
40 189
262 211
174 114
66 45
169 207
129 233
11 226
269 224
283 202
275 238
275 73
66 179
5 185
177 131
31 235
167 112
5 57
195 213
174 156
41 275
27 93
77 50
27 234
119 229
158 6
225 230
233 260
105 191
255 88
143 137
223 48
186 219
152 2
168 46
100 242
95 18
186 150
242 156
165 131
92 38
19 143
193 90
146 286
48 149
120 82
279 237
217 164
137 42
165 18
230 113
285 149
202 35
14 184
134 113
251 266
72 199
117 58
51 241
144 85
33 233
208 199
181 38
235 37
49 287
224 161
289 83
235 228
169 171
47 274
41 147
290 11
169 216
231 109
23 6
235 268
141 98
191 57
66 231
228 99
122 202
112 226
27 12
124 24
94 71
22 245
152 28
219 46
22 184
20 246
145 5
187 222
251 119
137 60
274 85
108 180
134 264
282 93
94 213
92 176
93 233
95 61
279 46
80 8
106 279
194 184
101 136
125 202
22 158
14 289
174 141
56 41
235 116
254 180
100 8
276 128
146 247
10 70
121 81
223 33
274 260
140 266
166 275
229 0
79 44
185 281
192 246
81 32
157 180
12 62
282 86
119 290
243 110
195 107
141 32
3 6
47 160
89 219
12 224
22 121
148 269
206 150
53 266
19 147
285 62
39 149
40 211
193 20
19 73
211 127
99 206
99 111
20 276
77 62
283 215
233 287
162 156
44 247
237 219
58 158
