5
148 124
69 100
81 125
116 130
77 84
117 15
115 144
134 16
13 82
106 97
9 112
18 137
138 104
65 57
62 98
79 92
95 127
74 136
141 14
125 5
92 78
132 75
48 83
135 71
31 15
147 61
97 21
70 88
87 5
80 23
121 99
124 18
138 29
131 86
48 51
146 136
28 43
68 38
82 20
147 80
48 63
67 73
22 111
22 139
86 95
141 140
142 40
116 73
40 51
26 80
115 43
90 114
47 99
140 127
21 70
107 117
49 131
31 53
18 91
89 19
101 89
79 134
19 114
128 112
18 49
27 125
145 57
135 98
3 95
142 120
81 121
4 1
32 15
60 44
110 44
10 115
137 44
145 73
14 72
77 50
137 68
129 0
55 43
77 4
6 68
28 137
135 75
6 61
18 83
52 16
103 37
67 56
11 121
146 107
2 99
116 98
3 139
44 15
123 43
82 112
83 127
105 145
122 57
59 12
5 110
78 70
143 99
42 114
56 98
81 51
57 95
82 131
46 117
116 145
50 104
36 5
62 89
110 68
138 124
82 63
124 136
111 94
36 16
85 87
22 90
431 169
428 262
9 151
282 159
59 364
379 93
313 106
386 8
231 55
283 22
289 365
288 226
32 293
388 243
158 243
167 326
356 366
347 59
117 430
70 106
429 65
16 0
253 47
202 173
3 274
374 370
188 285
219 142
188 287
298 349
305 128
359 185
167 368
127 84
345 289
405 90
337 419
5 220
99 221
178 236
199 352
48 368
324 291
330 375
16 281
205 274
276 116
361 367
144 354
51 381
68 219
260 256
20 106
294 210
87 152
393 6
348 81
66 201
33 111
59 171
36 268
156 124
185 362
368 223
31 399
278 252
341 406
69 205
426 318
276 155
159 326
48 92
112 24
343 53
88 343
296 67
245 229
394 341
294 45
97 65
168 389
205 142
246 318
423 395
422 120
58 50
81 107
139 97
87 117
18 364
78 355
124 171
386 138
94 334
263 2
110 245
314 197
405 325
371 300
291 212
278 387
272 52
258 259
376 250
9 271
396 28
405 399
358 326
23 191
182 266
42 369
98 85
285 281
187 38
334 236
374 129
122 360
402 283
422 93
216 239
273 336
100 281
313 55
356 21
119 142
201 95
5 304
8 22
176 319
108 153
155 420
218 19
60 101
306 237
163 238
359 2
141 375
371 53
162 357
287 228
97 378
81 312
148 98
22 239
147 226
329 79
343 120
403 179
383 20
109 181
112 246
373 361
51 416
284 230
26 179
364 304
311 94
368 207
290 215
359 249
224 355
401 251
320 377
172 20
104 300
273 382
132 355
169 59
104 13
429 189
272 410
59 95
12 122
57 155
174 27
100 49
269 259
8 239
30 12
215 106
253 31
30 188
23 54
178 57
245 31
230 110
195 32
36 82
30 50
69 139
161 183
40 39
191 229
188 91
161 260
153 223
85 142
260 205
258 20
252 254
69 110
81 246
196 130
111 95
28 101
193 243
239 180
193 116
130 183
240 247
207 243
234 232
38 97
135 210
113 83
40 202
99 20
191 176
193 6
90 240
201 64
241 190
14 162
95 198
112 21
61 132
144 84
191 103
17 220
96 53
55 46
251 216
59 162
267 134
258 198
59 142
209 182
77 154
4 140
80 109
187 140
231 233
199 150
198 64
161 122
54 22
230 2
230 164
231 266
69 68
29 159
125 12
84 200
211 201
43 39
7 247
118 25
229 114
248 5
90 140
205 122
144 143
30 68
150 247
51 244
256 145
199 137
118 29
203 37
160 65
89 56
5 169
132 70
245 6
43 106
85 109
270 87
199 140
209 243
1 126
124 166
45 138
228 199
202 151
208 235
109 6
239 165
132 36
84 207
144 67
192 166
108 112
236 176
69 36
136 243
81 50
152 211
129 246
185 76
113 171
187 33
18 266
96 67
177 64
199 50
0 16
157 195
178 120
63 181
258 62
71 93
111 84
117 50
126 89
163 93
268 171
132 165
267 268
267 220
145 172
18 66
127 156
261 182
236 191
253 254
86 12
229 165
180 270
80 116
118 216
14 129
180 70
249 18
250 188
30 23
141 239
214 103
161 133
71 256
151 91
113 212
170 137
87 21
135 49
106 57
242 110
208 26
137 37
256 53
111 267
145 155
73 220
269 94
152 185
164 33
175 46
19 233
60 254
28 130
174 175
96 261
145 53
211 134
174 254
167 33
245 4
55 32
264 126
38 188
227 100
250 122
118 81
237 266
215 53
239 168
104 221
184 257
69 237
119 58
202 264
119 3
256 12
208 187
141 247
164 22
44 163
253 147
196 27
108 42
99 22
261 167
48 122
74 70
203 228
44 92
73 31
210 9
257 109
194 251
194 125
238 168
228 24
80 42
141 1
141 107
186 251
208 159
192 70
14 66
25 63
262 136
11 68
104 23
97 122
163 217
115 237
30 160
38 235
10 165
131 118
29 214
100 114
261 178
22 76
160 22
225 271
63 158
10 222
44 246
121 169
214 206
128 140
128 263
202 235
262 245
131 177
228 221
156 171
0 146
220 237
156 175
202 172
45 255
233 165
271 4
209 61
84 43
92 106
129 198
95 107
229 78
236 189
252 248
85 105
51 120
26 103
99 47
18 222
107 166
26 27
47 255
28 64
196 64
8 92
35 220
97 86
123 255
230 176
132 29
53 140
28 75
265 65
147 224
220 56
18 47
104 32
178 201
127 2
217 226
131 67
127 62
208 259
232 185
16 142
107 22
231 93
61 59
67 64
202 136
59 168
231 82
78 109
60 53
151 68
251 189
141 257
242 122
12 54
5 123
188 254
149 159
25 186
92 188
152 181
34 94
234 14
257 140
191 268
53 107
155 218
207 122
115 263
90 73
11 70
164 74
92 120
253 150
20 188
127 264
45 99
18 178
260 271
174 126
18 89
131 23
30 58
194 168
6 251
179 153
84 143
147 112
248 20
174 223
74 255
262 56
256 188
90 207
239 79
152 119
208 37
190 243
181 222
87 54
187 112
72 103
118 212
110 89
154 255
35 11
86 46
208 158
187 193
161 11
156 182
191 248
234 35
231 159
38 217
19 8
197 145
212 232
257 91
256 21
192 22
152 220
241 242
30 126
157 129
172 6
186 142
234 253
7 2
147 83
99 87
44 76
106 155
175 54
234 257
55 254
61 193
197 180
266 385
36 80
88 62
261 111
249 54
234 244
239 82
179 125
251 164
180 198
45 33
0 212
57 225
131 228
53 65
235 18
7 26
195 104
101 210
158 106
137 219
167 192
48 93
177 215
258 238
205 97
64 175
6 167
184 43
218 257
209 27
160 85
51 150
48 259
264 207
113 243
181 114
85 228
109 152
21 125
249 45
221 142
56 145
73 50
123 42
229 42
236 128
211 161
217 13
53 18
129 85
72 196
91 154
35 231
87 140
223 116
174 93
91 206
9 51
6 265
76 195
4 146
8 33
55 242
0 32
57 151
234 148
194 62
12 250
214 185
156 68
116 82
180 13
114 135
104 13
117 265
171 126
232 135
217 190
197 20
69 264
144 222
30 140
90 65
6 138
85 65
63 34
123 80
41 86
203 136
99 228
52 118
180 255
113 111
172 178
176 55
214 98
200 16
55 68
59 228
197 9
237 121
40 141
197 52
197 17
91 193
74 50
160 46
113 210
7 66
25 56
194 10
54 219
250 263
250 81
258 154
15 30
89 199
63 217
138 181
118 79
125 115
111 58
18 80
132 38
203 260
94 27
50 187
217 186
214 225
218 30
114 167
145 89
76 261
21 185
172 46
237 152
249 156
22 225
195 164
151 125
46 24
235 90
44 104
131 202
177 245
136 260
186 96
75 74
229 201
130 22
154 110
143 232
130 188
55 183
38 10
159 144
119 253
203 165
221 222
258 225
56 115
177 209
239 65
63 209
84 123
74 232
168 96
222 103
192 201
232 198
213 208
235 55
36 208
9 233
152 45
131 165
148 216
66 120
2 140
72 121
25 152
36 5
118 145
88 2
137 26
234 242
114 125
143 205
90 259
19 83
213 4
186 233
200 25
27 145
145 80
63 161
155 150
64 24
123 19
68 10
3 46
160 212
117 97
230 183
182 10
205 185
131 191
131 31
114 241
195 140
28 187
15 116
36 32
18 219
157 26
247 80
204 180
259 161
87 216
66 35
137 179
69 205
261 116
186 93
235 265
3 37
107 1
90 260
165 195
113 149
143 238
206 62
157 261
117 198
48 221
6 229
69 259
143 114
159 246
261 45
99 167
114 173
174 257
66 47
170 38
118 2
220 36
157 134
107 176
214 265
155 78
137 165
254 89
238 62
72 85
139 30
213 35
90 186
243 141
19 227
184 112
118 133
9 193
112 50
230 25
195 118
197 173
27 97
161 252
166 156
127 213
234 65
247 158
8 100
235 104
244 60
176 11
39 53
150 93
57 162
121 56
88 112
145 77
34 42
137 67
203 247
127 111
130 24
214 180
165 255
20 150
156 18
54 196
25 161
254 80
95 154
53 178
198 26
215 151
48 51
258 83
90 82
248 121
181 173
58 97
5 51
136 255
29 151
101 189
95 10
142 115
7 265
206 80
208 20
227 189
147 259
188 113
11 23
44 171
220 45
38 222
232 187
6 202
29 119
166 4
127 144
157 57
58 222
17 189
246 153
235 52
220 133
117 253
86 96
171 144
186 105
84 194
225 24
69 123
244 254
117 239
116 164
202 213
77 154
66 229
177 21
30 222
169 93
167 122
207 83
258 190
52 16
17 153
5 67
179 1
153 190
211 144
239 146
109 111
57 73
76 194
203 17
202 30
223 4
169 197
90 253
151 238
262 96
182 262
186 219
179 110
88 134
220 88
191 73
25 30
215 108
194 252
34 251
255 215
150 240
18 115
116 62
200 6
211 198
99 258
320 351
13 65
252 204
292 237
171 268
50 226
175 287
126 4
280 32
231 156
171 208
96 170
17 275
217 215
107 98
211 15
144 98
60 197
16 317
111 204
156 65
7 6
171 59
97 282
87 18
159 128
271 76
306 212
75 184
138 62
206 47
188 65
130 171
145 213
39 262
241 42
93 207
211 116
139 90
265 210
286 299
79 279
158 51
131 227
137 266
97 315
193 185
271 255
132 208
218 195
70 135
110 51
245 145
180 4
161 246
159 65
119 222
158 20
267 168
21 264
238 207
92 185
55 250
281 166
16 125
311 318
301 121
38 138
176 170
263 282
173 299
297 196
29 198
151 227
251 199
96 65
67 96
154 298
245 13
233 95
86 81
10 203
297 34
31 52
295 76
308 125
268 98
297 13
118 92
29 214
28 154
57 14
181 251
257 36
27 270
153 208
183 55
252 172
44 41
249 163
60 311
297 177
272 56
80 270
2 23
154 192
128 259
192 202
308 15
267 62
69 212
272 195
166 190
9 145
312 240
282 243
229 279
263 143
242 268
232 105
152 188
297 161
30 23
158 31
29 200
315 209
279 6
115 164
44 258
145 315
82 47
318 259
236 164
59 104
31 90
121 68
16 90
290 285
295 242
293 62
303 274
123 155
117 25
301 298
139 33
87 6
133 208
87 266
78 271
86 185
248 202
158 36
249 13
152 261
85 196
189 94
287 105
193 245
150 247
52 169
296 274
230 62
291 279
21 63
223 303
186 39
160 76
165 113
250 202
90 99
297 207
36 34
18 72
110 209
214 122
151 285
168 81
116 309
32 12
245 73
144 2
10 166
318 317
252 64
238 139
60 281
217 228
138 211
197 85
42 164
245 231
18 81
73 229
199 105
175 42
142 106
82 266
297 84
11 257
94 65
217 1
147 34
45 49
70 120
50 61
10 137
280 163
267 40
97 113
27 2
251 3
184 4
273 36
116 231
179 318
5 2
268 4
230 279
217 46
198 302
195 212
95 99
77 164
251 254
127 15
8 182
141 68
93 274
267 299
196 110
286 21
186 241
194 6
149 236
162 140
204 175
44 35
145 182
249 198
74 102
145 285
296 149
253 121
163 260
36 159
208 33
225 13
150 52
133 73
48 99
235 190
58 107
187 106
128 202
87 178
123 95
108 187
113 42
223 128
206 219
41 40
108 94
203 131
161 68
227 81
312 295
223 204
235 92
310 47
120 95
60 202
119 209
154 14
284 146
211 202
9 97
232 25
130 259
114 151
181 148
190 284
94 106
114 51
159 137
121 200
63 94
159 164
47 268
110 314
280 74
131 219
79 260
229 19
114 166
159 287
275 95
69 143
125 23
104 43
273 142
295 42
159 206
60 92
84 193
254 35
300 41
199 256
169 26
111 141
89 26
56 174
257 159
5 268
181 77
118 170
16 255
86 143
61 0
201 307
60 48
24 149
57 15
199 259
272 230
67 140
76 72
13 25
183 307
116 3
243 187
147 317
13 135
98 19
24 212
150 69
296 2
171 47
152 286
273 316
211 155
138 245
301 120
173 187
18 117
11 282
295 209
141 304
36 72
83 68
169 174
319 90
118 95
