5
324 433
68 271
59 131
21 268
52 70
311 72
89 189
266 146
73 46
89 170
298 246
190 187
139 312
223 45
167 250
79 156
193 301
318 222
289 220
136 39
157 319
106 66
73 13
182 51
17 171
89 153
261 3
211 146
185 48
167 30
289 184
118 232
15 197
182 134
244 19
54 250
291 15
163 35
153 270
2 158
242 12
292 287
49 187
289 195
304 199
193 259
32 250
82 175
23 66
119 213
260 174
255 200
291 157
93 276
118 90
157 138
183 21
181 85
18 276
323 194
84 123
242 174
18 71
321 189
249 119
235 43
316 86
108 224
15 33
210 168
211 33
20 149
121 10
233 189
172 60
261 244
188 160
145 143
236 17
68 232
34 232
229 69
142 33
96 94
291 134
176 33
245 323
192 110
233 207
84 293
29 319
272 311
289 58
41 150
1 47
292 114
306 155
133 15
246 192
322 203
124 204
163 112
145 5
20 150
167 199
126 271
79 17
101 250
99 290
65 313
127 187
171 296
268 165
77 170
70 283
88 135
95 125
299 265
3 297
190 179
267 218
68 28
97 307
79 43
101 146
144 9
289 283
218 319
306 178
226 203
276 62
201 45
92 8
266 63
257 75
117 139
256 310
87 110
143 295
84 209
229 216
227 256
18 181
81 112
101 114
273 71
179 238
140 277
169 251
214 59
259 102
249 252
34 320
105 253
26 96
310 33
249 189
157 132
318 312
83 284
282 99
2 100
2 228
40 175
145 307
314 225
7 90
63 204
93 266
87 227
196 125
59 248
269 238
309 174
182 224
249 196
36 174
111 77
90 201
176 126
137 140
119 45
312 123
46 128
196 121
3 100
241 72
71 263
185 255
312 265
179 189
306 153
50 195
193 151
230 237
302 8
220 42
180 212
8 73
278 162
286 82
238 66
219 90
311 3
28 217
164 67
292 21
41 250
53 27
36 197
93 270
4 244
54 280
261 300
291 261
93 70
240 74
264 204
93 72
196 138
298 175
64 290
167 50
98 108
261 2
84 67
80 147
281 293
25 172
50 267
60 159
173 160
214 48
285 74
288 8
143 103
31 56
319 155
32 237
46 51
17 19
232 73
293 48
302 217
201 94
243 132
241 176
134 234
98 187
140 275
237 170
58 296
177 147
169 131
11 228
231 124
284 102
199 321
216 104
229 115
321 156
203 148
58 228
112 275
12 159
298 318
258 19
260 189
227 42
43 283
271 162
196 13
181 135
118 159
38 179
293 168
78 278
284 125
125 126
205 281
203 48
267 17
297 91
246 30
137 94
228 12
286 323
11 276
180 69
177 224
106 296
249 205
85 63
314 108
24 294
176 39
2 241
150 260
82 122
301 204
26 80
147 10
286 264
141 201
252 207
219 159
160 80
322 80
68 56
225 168
316 169
171 123
304 253
301 47
304 237
174 253
211 22
278 218
225 148
262 70
197 91
132 212
121 100
249 178
321 4
183 94
196 272
295 60
219 218
221 190
79 201
96 124
268 152
224 148
178 42
300 12
196 122
183 22
139 141
32 315
234 189
190 248
232 66
186 309
44 287
18 301
97 12
231 86
299 244
3 74
316 210
194 175
235 75
214 179
235 5
160 122
31 129
71 162
257 164
13 94
272 316
239 35
143 12
72 290
317 251
127 35
203 197
38 152
310 120
55 206
256 320
278 175
154 250
245 230
46 213
7 190
182 203
103 38
157 259
92 136
48 184
216 278
64 48
214 309
245 84
233 187
20 284
0 163
24 263
216 199
182 271
31 132
94 66
242 107
47 265
111 51
281 188
318 267
118 260
221 4
117 78
194 210
21 233
180 260
7 132
229 175
121 251
267 203
9 226
132 62
144 319
109 94
252 296
92 30
222 79
291 120
200 210
172 316
26 44
319 55
167 130
200 270
195 310
31 184
126 43
26 5
300 96
101 223
279 110
318 242
42 10
246 63
74 197
119 74
143 299
2 21
45 126
48 112
50 16
85 55
103 29
1 65
88 39
108 12
79 134
96 72
45 54
79 136
28 109
16 21
66 29
7 39
45 118
11 30
43 40
14 13
127 55
112 137
4 136
66 6
134 120
26 94
106 136
131 103
86 41
14 104
20 19
22 64
83 42
73 121
50 60
116 74
49 72
43 15
73 68
102 54
127 52
24 122
0 126
134 12
95 70
83 104
76 107
120 25
134 128
74 97
79 111
139 95
87 78
71 113
53 99
105 13
42 51
76 137
9 136
84 77
132 32
57 111
17 61
135 60
13 21
85 82
80 52
41 83
113 109
112 94
94 70
88 120
108 78
120 113
71 77
88 9
41 74
5 67
81 77
37 126
10 102
138 22
25 78
105 127
110 15
0 22
96 54
48 124
123 27
102 59
90 79
125 109
43 34
132 24
48 43
133 128
27 46
86 122
97 8
90 2
5 51
139 117
9 64
134 78
44 53
37 81
136 15
30 12
61 100
91 102
41 134
109 63
14 102
48 114
134 21
114 63
85 25
69 77
126 55
116 23
89 21
7 9
127 85
28 124
94 8
75 49
116 48
50 135
86 40
132 30
71 128
114 8
128 16
61 72
116 35
75 56
67 95
80 14
65 52
37 42
73 12
115 1
105 28
83 40
66 65
120 100
48 52
103 30
110 134
76 113
42 8
6 43
126 137
50 85
81 109
126 119
93 45
103 70
91 87
85 117
20 2
37 134
57 114
131 68
44 95
88 49
107 51
128 67
50 107
11 114
139 130
33 100
91 119
50 25
61 6
138 83
30 71
48 119
112 85
80 12
20 9
43 68
116 67
104 15
22 25
10 140
73 114
28 115
41 133
131 47
57 29
35 25
97 39
88 42
58 68
66 54
37 45
127 82
89 130
101 29
138 87
132 124
76 126
49 120
88 55
57 5
9 106
11 33
42 64
81 142
48 120
91 21
0 39
42 139
75 98
105 85
137 63
85 54
85 136
85 126
93 60
123 17
93 138
140 82
91 46
17 92
11 1
20 53
119 63
138 127
74 78
10 48
107 122
38 114
14 24
104 32
53 68
93 16
21 122
136 21
132 65
134 109
91 104
33 89
29 129
66 68
14 19
119 82
49 92
114 65
26 114
34 32
134 72
106 117
61 36
90 72
74 130
83 139
110 95
41 104
94 23
108 136
3 94
60 52
30 125
25 135
0 125
94 72
45 58
79 9
58 16
53 40
74 15
1 31
47 16
62 45
89 128
131 51
115 8
79 25
73 54
85 95
9 100
139 109
88 24
66 77
7 79
7 32
100 23
123 125
131 87
49 19
126 16
56 29
91 116
65 78
17 81
105 16
152 397
123 141
112 65
93 138
37 19
93 32
123 113
83 96
124 3
139 25
74 81
148 30
143 150
47 71
45 24
8 65
93 108
35 132
1 37
5 38
107 88
13 108
50 146
74 88
47 132
44 84
23 65
69 90
149 124
97 20
58 100
32 30
39 43
6 91
46 44
141 38
92 108
147 93
14 83
23 58
52 29
128 44
66 117
112 54
141 102
104 96
119 43
136 9
9 137
76 89
123 111
40 144
70 100
25 81
118 96
14 30
95 50
60 9
59 113
22 74
125 114
42 138
126 147
11 81
10 30
130 11
76 5
67 146
6 38
124 57
13 63
9 13
111 140
35 6
76 36
40 38
56 142
138 63
28 132
129 138
114 108
48 39
136 3
10 84
55 134
86 23
130 91
97 28
50 115
132 139
64 110
26 139
7 49
128 81
93 0
89 129
74 53
45 47
44 107
36 150
48 64
122 2
54 48
122 72
118 120
10 102
56 0
27 32
50 81
15 26
85 84
135 70
111 13
93 20
14 79
90 50
43 110
56 150
143 109
111 144
35 114
34 57
65 145
9 64
115 137
15 115
122 70
151 86
123 121
52 30
125 124
125 18
31 104
36 120
31 150
66 11
45 90
73 146
143 127
106 74
103 71
57 100
126 128
147 127
52 50
6 31
95 34
144 38
135 71
54 119
128 79
92 110
60 140
71 43
114 51
55 78
23 129
149 78
55 142
90 20
66 87
149 64
33 90
144 30
16 143
79 43
126 67
89 150
45 111
122 140
49 87
54 89
79 129
7 114
75 67
46 83
123 122
143 64
76 103
7 139
2 144
118 25
10 145
97 142
149 7
112 140
141 92
56 99
123 56
14 89
8 72
39 104
51 100
60 125
56 62
136 25
122 22
128 108
147 58
86 88
69 96
55 18
28 118
98 67
95 10
116 94
75 128
70 115
103 42
128 14
91 4
148 145
55 35
99 3
13 65
55 33
17 87
69 109
52 94
26 43
129 109
122 138
113 98
125 39
83 137
148 109
90 129
139 144
127 77
6 59
131 150
59 88
49 147
6 39
45 118
37 121
75 111
65 100
43 88
149 80
103 116
105 121
120 88
142 18
123 108
95 127
83 24
113 107
119 106
15 2
125 72
31 61
97 98
55 38
56 65
129 32
126 120
118 108
29 106
59 76
48 130
78 49
60 7
148 0
59 129
47 91
110 38
67 116
123 23
46 32
78 40
9 80
125 20
124 142
56 53
71 36
9 98
66 43
31 83
126 56
15 129
108 37
141 87
98 148
132 100
101 68
123 0
66 79
14 49
97 13
5 81
135 48
54 70
104 18
130 148
1 36
7 124
97 71
100 77
6 82
80 107
116 36
104 37
15 150
26 25
64 2
140 73
52 0
119 140
151 58
29 146
130 37
90 21
143 134
24 11
69 7
111 82
130 26
131 91
68 102
15 107
6 66
112 17
118 106
3 30
131 5
24 80
145 11
2 0
98 95
104 105
19 88
40 52
143 70
108 106
151 15
12 0
124 92
59 120
125 127
14 29
112 143
74 138
47 11
114 132
4 50
28 148
46 92
22 81
95 139
90 92
49 24
47 138
124 67
23 146
6 121
65 80
75 80
128 146
85 42
49 20
75 12
130 109
47 135
98 121
8 98
56 138
91 12
76 0
55 108
48 106
131 46
48 110
142 115
44 93
23 98
24 20
143 77
82 58
128 142
95 22
41 139
33 95
135 64
83 72
78 71
75 145
97 29
6 32
114 27
46 11
17 81
54 95
130 116
6 130
31 119
106 27
133 128
404 135
224 189
281 265
339 143
260 94
134 270
116 341
101 218
158 59
29 126
335 366
28 133
75 58
382 22
149 357
77 332
286 354
35 90
249 108
74 160
12 264
107 209
175 187
369 130
269 303
140 26
39 228
209 347
182 333
212 273
252 2
225 307
8 143
368 34
98 157
336 363
373 193
175 30
319 210
276 359
297 384
369 319
212 3
64 80
351 175
218 5
115 311
335 194
280 36
119 200
16 82
369 348
304 313
185 7
63 216
396 142
293 69
343 248
350 384
335 232
399 181
355 128
253 88
155 354
158 114
362 229
98 102
53 23
4 257
106 357
18 61
281 92
204 244
334 303
8 196
371 165
350 147
61 97
251 81
296 177
239 333
383 367
353 359
101 221
198 327
8 265
158 123
234 165
82 357
119 202
374 333
196 167
53 132
239 240
5 72
77 166
10 54
381 247
25 42
184 144
303 155
203 167
121 289
329 23
229 140
16 367
300 304
290 358
280 203
0 256
3 403
360 212
60 211
68 333
353 294
25 233
223 167
212 343
347 322
146 199
230 30
206 42
127 76
34 353
216 387
368 119
173 140
205 145
94 144
119 0
4 94
249 255
243 148
339 295
63 371
77 92
145 376
23 86
129 86
47 120
85 142
54 90
72 77
98 120
16 92
125 0
50 6
100 130
116 75
95 139
58 46
38 6
2 0
54 113
106 117
137 41
51 27
43 32
68 48
57 102
51 113
35 37
38 41
73 124
100 52
104 22
120 69
99 38
57 41
138 100
10 66
137 97
131 4
10 59
26 1
98 8
91 35
138 52
91 36
83 23
108 26
86 9
18 130
61 20
115 88
57 95
122 30
2 70
118 88
118 75
138 36
54 56
3 139
137 94
41 135
92 23
56 9
84 111
96 135
7 36
83 1
72 141
35 66
97 126
3 134
15 132
99 106
98 63
37 64
114 6
100 141
35 76
114 85
46 38
116 141
12 78
137 88
37 9
138 116
73 56
6 74
100 14
87 140
49 115
32 1
118 22
136 54
116 82
47 60
91 48
7 56
136 32
47 58
47 46
29 43
116 93
83 64
35 59
124 64
18 107
25 119
24 59
84 108
62 41
73 64
85 64
83 111
77 74
29 21
47 92
31 59
29 103
26 48
135 77
133 92
37 116
15 140
38 54
10 82
125 107
92 58
18 70
70 94
42 37
53 76
134 66
53 69
7 0
114 48
85 36
64 90
15 88
143 0
29 9
28 6
39 77
96 10
122 49
104 81
105 24
98 55
136 55
43 45
94 66
132 39
131 59
4 8
84 118
58 11
35 77
67 126
108 88
49 140
137 40
37 141
60 94
21 74
29 39
73 103
16 103
105 19
120 40
58 77
19 87
7 144
52 77
104 68
127 139
19 141
138 126
15 25
29 106
110 30
92 76
120 78
105 29
67 92
104 77
106 75
78 112
124 36
70 28
84 85
44 100
3 87
120 75
91 12
86 56
137 5
42 15
79 53
84 62
109 66
4 113
119 135
105 48
61 109
32 135
102 75
137 116
133 74
10 104
101 139
144 55
15 6
39 139
36 88
97 23
30 6
83 113
24 68
12 20
133 34
63 72
28 116
3 124
53 59
0 6
12 107
44 142
57 101
30 112
10 49
2 141
4 3
47 69
81 135
4 135
1 54
35 119
122 103
72 48
59 141
0 40
143 28
67 40
110 65
91 8
28 86
50 89
67 109
138 61
91 50
84 24
129 72
105 43
98 34
1 86
42 103
118 49
65 115
133 14
19 21
91 16
58 141
105 91
54 74
128 89
44 98
18 27
32 78
92 144
75 76
136 133
67 51
100 102
136 3
79 32
95 66
129 92
99 68
117 144
45 48
125 137
137 140
122 101
13 50
63 74
96 81
34 101
45 112
119 54
42 107
89 80
82 94
51 36
10 111
108 23
124 41
131 65
125 56
144 107
99 141
114 100
110 95
118 32
110 34
46 32
104 58
125 67
24 41
22 119
143 68
132 111
97 74
133 140
114 89
0 115
65 64
133 28
83 35
72 86
22 64
21 51
128 98
141 48
108 97
44 30
133 58
83 6
95 93
124 135
122 109
132 9
100 3
7 132
63 40
114 55
103 53
102 48
137 141
111 64
46 28
61 127
62 134
121 44
35 65
93 20
97 132
120 93
91 20
10 90
83 126
109 77
129 38
81 140
104 53
92 70
12 1
85 78
118 94
26 32
125 29
24 61
10 14
67 87
6 39
59 90
143 77
78 74
110 8
124 45
47 82
14 70
131 120
128 16
96 121
121 11
63 94
91 119
81 11
103 82
128 134
